MOOSTimeWarp = $(WARP)
LatOrigin  = 22.59819167
LongOrigin = -120.28388889

