MOOSTimeWarp = $(WARP)
LatOrigin  = 22.61729167
LongOrigin = -120.29788889
